0 0.6572115384615385 0.7181490384615384 0.14519230769230762 0.14350961538461537
0 0.3623397435897436 0.6919471153846154 0.06506410256410255 0.08389423076923075
0 0.3934294871794872 0.5207932692307693 0.13942307692307693 0.12187500000000007
0 0.7485576923076923 0.46201923076923074 0.1875 0.13221153846153844
0 0.8139423076923077 0.34687500000000004 0.06955128205128203 0.051442307692307676
0 0.409775641025641 0.36935096153846153 0.09070512820512822 0.0699519230769231
0 0.2142628205128205 0.4757211538461539 0.08237179487179486 0.052403846153846134
0 0.20512820512820512 0.3527644230769231 0.11282051282051284 0.08389423076923075
0 0.39583333333333337 0.2360576923076923 0.10641025641025642 0.07740384615384618
0 0.5939102564102564 0.23341346153846154 0.2147435897435897 0.10048076923076923
