0 0.6543269230769231 0.7238782051282051 0.06298076923076923 0.10801282051282057
0 0.521875 0.8568910256410256 0.1769230769230769 0.17083333333333328
0 0.2920673076923077 0.7761217948717949 0.04999999999999999 0.06442307692307692
0 0.2854567307692308 0.5543269230769231 0.14927884615384615 0.18750000000000006
0 0.5506009615384615 0.5195512820512821 0.05697115384615381 0.07115384615384618
0 0.6832932692307692 0.45881410256410254 0.06514423076923082 0.10352564102564099
0 0.5978365384615385 0.3108974358974359 0.054326923076923106 0.07628205128205129
0 0.4746394230769231 0.32019230769230766 0.10889423076923072 0.1275641025641026
0 0.40612980769230766 0.13493589743589746 0.052163461538461575 0.0858974358974359
0 0.24254807692307692 0.2139423076923077 0.11394230769230768 0.15032051282051284
