0 0.6699519230769231 0.6926282051282051 0.08365384615384608 0.12051282051282053
0 0.5158653846153847 0.8666666666666667 0.08846153846153848 0.1217948717948718
0 0.34615384615384615 0.8407051282051282 0.1975961538461538 0.2333333333333334
0 0.22692307692307692 0.5517628205128204 0.046634615384615385 0.04519230769230764
0 0.55 0.6139423076923076 0.07644230769230764 0.09839743589743588
0 0.34206730769230764 0.38237179487179485 0.11249999999999999 0.1564102564102564
0 0.6853365384615384 0.5030448717948718 0.05144230769230773 0.04903846153846153
0 0.5978365384615385 0.39727564102564106 0.08028846153846148 0.14967948717948715
0 0.6431490384615384 0.20080128205128206 0.04639423076923077 0.08942307692307691
0 0.4932692307692308 0.10256410256410256 0.05673076923076925 0.1564102564102564
