0 0.49054487179487183 0.8319711538461538 0.13108974358974362 0.06153846153846154
0 0.8801282051282051 0.7370192307692308 0.14358974358974352 0.05865384615384617
0 0.5980769230769232 0.6275240384615385 0.08525641025641029 0.060336538461538414
0 0.4799679487179487 0.5424278846153846 0.11826923076923074 0.054567307692307665
0 0.35416666666666663 0.6959134615384616 0.052564102564102544 0.09759615384615383
0 0.5823717948717949 0.384375 0.12692307692307692 0.09134615384615385
0 0.651602564102564 0.2519230769230769 0.0955128205128205 0.0692307692307692
0 0.4897435897435898 0.21514423076923078 0.07371794871794873 0.07115384615384615
0 0.6419871794871794 0.16971153846153847 0.11474358974358967 0.07259615384615384
0 0.6729166666666666 0.08713942307692307 0.07083333333333341 0.05649038461538462
0 0.5128205128205128 0.06298076923076923 0.10705128205128206 0.0514423076923077
