0 0.7019230769230769 0.09775641025641026 0.14903846153846156 0.15833333333333335
0 0.5159855769230769 0.21907051282051282 0.08677884615384612 0.1048076923076923
0 0.41610576923076925 0.2743589743589744 0.0764423076923077 0.10961538461538461
0 0.34771634615384617 0.19631410256410256 0.12908653846153845 0.1753205128205128
0 0.2205528846153846 0.29919871794871794 0.09254807692307693 0.12532051282051282
0 0.23197115384615385 0.5745192307692308 0.08461538461538465 0.09839743589743588
0 0.41009615384615383 0.5783653846153847 0.08990384615384617 0.11249999999999993
0 0.5423076923076924 0.4979166666666667 0.10432692307692315 0.13942307692307693
0 0.5492788461538461 0.7927884615384615 0.18605769230769237 0.23814102564102557
0 0.3377403846153846 0.9012820512820512 0.07211538461538464 0.09807692307692306
0 0.2590144230769231 0.8155448717948719 0.07620192307692308 0.09647435897435896
0 0.7435096153846155 0.608974358974359 0.10769230769230764 0.1987179487179488
