0 0.8660256410256411 0.9066105769230769 0.11474358974358978 0.0978365384615385
0 0.7 0.9234374999999999 0.22499999999999998 0.1372596153846154
0 0.84375 0.7377403846153846 0.08942307692307683 0.09663461538461537
0 0.4230769230769231 0.7758413461538463 0.3307692307692308 0.1420673076923077
0 0.22083333333333333 0.6884615384615385 0.1730769230769231 0.10384615384615392
0 0.4108974358974359 0.5594951923076923 0.08397435897435895 0.05697115384615392
0 0.18076923076923077 0.5786057692307692 0.20256410256410257 0.12740384615384626
0 0.447275641025641 0.39447115384615383 0.2394230769230769 0.17259615384615384
0 0.7620192307692308 0.5478365384615385 0.14519230769230773 0.10480769230769232
0 0.8948717948717948 0.4204326923076923 0.16730769230769227 0.1134615384615385
0 0.8158653846153846 0.34639423076923076 0.14198717948717943 0.0903846153846154
0 0.7932692307692307 0.18233173076923076 0.24615384615384617 0.07283653846153845
