0 0.3836538461538462 0.8306490384615384 0.12435897435897436 0.1949519230769231
0 0.33958333333333335 0.6052884615384615 0.14775641025641023 0.11442307692307685
0 0.7326923076923078 0.65625 0.16346153846153844 0.0822115384615385
0 0.603525641025641 0.4762019230769231 0.11923076923076925 0.09375000000000006
0 0.8943910256410257 0.29002403846153846 0.20288461538461544 0.14687499999999998
0 0.4346153846153846 0.3503605769230769 0.11858974358974361 0.10168269230769234
0 0.10608974358974359 0.44963942307692306 0.08974358974358973 0.06899038461538459
0 0.1987179487179487 0.23918269230769232 0.116025641025641 0.07259615384615387
0 0.5054487179487179 0.1700721153846154 0.18205128205128202 0.12572115384615384
0 0.2727564102564103 0.13040865384615385 0.13589743589743591 0.10985576923076924
0 0.8495192307692307 0.07319711538461539 0.12403846153846154 0.09975961538461539
0 0.9384615384615385 0.7221153846153846 0.09871794871794881 0.06634615384615383
