0 0.4650735294117647 0.6623774509803921 0.26266339869281047 0.21139705882352944
0 0.07434640522875817 0.615655637254902 0.11356209150326799 0.06832107843137247
0 0.051879084967320264 0.6832107843137255 0.05065359477124183 0.07291666666666674
0 0.150531045751634 0.6582414215686274 0.06740196078431374 0.08302696078431371
0 0.15543300653594772 0.5834865196078431 0.03472222222222221 0.07261029411764697
0 0.11662581699346405 0.586703431372549 0.06086601307189543 0.0404411764705882
0 0.12234477124183007 0.5577512254901961 0.049428104575163404 0.021752450980392135
0 0.06535947712418301 0.5758272058823529 0.0531045751633987 0.027267156862745168
0 0.017565359477124183 0.6496629901960784 0.03431372549019608 0.03645833333333326
0 0.026348039215686275 0.6165747549019608 0.04044117647058824 0.03829656862745101
0 0.08129084967320262 0.7233455882352942 0.06045751633986929 0.03799019607843135
0 0.03145424836601307 0.7535232843137255 0.058823529411764705 0.040747549019607865
0 0.09170751633986929 0.6674325980392157 0.05678104575163399 0.03707107843137247
0 0.06924019607843138 0.6404718137254901 0.045343137254901966 0.04013480392156865
