0 0.7368589743589744 0.7548076923076923 0.1974358974358975 0.16009615384615383
0 0.6339743589743589 0.5784855769230769 0.12371794871794872 0.0896634615384615
0 0.492948717948718 0.5122596153846154 0.08397435897435895 0.062019230769230715
0 0.3631410256410256 0.5359375 0.12243589743589745 0.11899038461538469
0 0.2378205128205128 0.6719951923076923 0.21025641025641026 0.22572115384615388
0 0.17083333333333334 0.47415865384615385 0.1371794871794872 0.11177884615384609
0 0.23012820512820514 0.34387019230769234 0.09871794871794873 0.07283653846153842
0 0.3038461538461538 0.2844951923076923 0.15256410256410255 0.17668269230769232
0 0.48253205128205134 0.17740384615384616 0.071474358974359 0.0625
0 0.4375 0.09735576923076922 0.13397435897435894 0.06009615384615384
0 0.6692307692307693 0.12355769230769231 0.13717948717948725 0.08894230769230771
0 0.6431089743589744 0.24459134615384615 0.128525641025641 0.0949519230769231
0 0.8641025641025641 0.18701923076923077 0.0871794871794872 0.05625000000000002
0 0.8512820512820514 0.39194711538461535 0.26858974358974363 0.15168269230769232
0 0.6274038461538461 0.3948317307692308 0.1233974358974359 0.1175480769230769
