0 0.8756009615384616 0.769551282051282 0.0584134615384615 0.09807692307692306
0 0.8870192307692308 0.617948717948718 0.08750000000000002 0.10576923076923073
0 0.8819711538461539 0.45288461538461544 0.1100961538461539 0.13333333333333336
0 0.6788461538461539 0.6073717948717949 0.07115384615384612 0.1743589743589743
0 0.5280048076923077 0.44022435897435896 0.09158653846153847 0.11762820512820515
0 0.45072115384615385 0.3488782051282051 0.07884615384615384 0.11826923076923074
0 0.4664663461538462 0.22339743589743588 0.13437499999999997 0.11602564102564103
0 0.3433894230769231 0.11586538461538462 0.08966346153846155 0.1317307692307692
0 0.19002403846153848 0.27884615384615385 0.08725961538461538 0.11025641025641023
0 0.07800480769230769 0.42580128205128204 0.08389423076923078 0.0971153846153846
0 0.26466346153846154 0.4889423076923077 0.08605769230769234 0.10416666666666663
0 0.07259615384615385 0.5458333333333334 0.07019230769230769 0.07179487179487187
0 0.36959134615384615 0.5971153846153847 0.11225961538461537 0.15833333333333333
0 0.2159855769230769 0.7243589743589745 0.17283653846153843 0.16025641025641024
0 0.3853365384615385 0.8532051282051283 0.13028846153846158 0.11153846153846148
