0 0.8371794871794872 0.7919471153846154 0.1891025641025641 0.09014423076923084
0 0.7157051282051282 0.6912259615384615 0.08525641025641018 0.06514423076923082
0 0.5336538461538461 0.8104567307692307 0.16410256410256413 0.09447115384615379
0 0.2775641025641026 0.7522836538461539 0.10833333333333331 0.08052884615384615
0 0.4916666666666667 0.6373798076923077 0.11602564102564106 0.11514423076923075
0 0.43974358974358974 0.48197115384615385 0.08397435897435901 0.10721153846153847
0 0.23798076923076922 0.5266826923076924 0.25544871794871793 0.16249999999999998
0 0.5121794871794871 0.3659855769230769 0.06730769230769224 0.05745192307692304
0 0.3732371794871795 0.3460336538461538 0.10737179487179488 0.06995192307692305
0 0.24935897435897436 0.2515625 0.12564102564102564 0.11754807692307692
0 0.6158653846153846 0.32487980769230773 0.13429487179487176 0.09975961538461536
0 0.6613782051282051 0.2265625 0.23108974358974366 0.14879807692307692
0 0.826602564102564 0.3423076923076923 0.07756410256410262 0.09951923076923075
0 0.8666666666666667 0.46358173076923076 0.09807692307692306 0.07283653846153848
0 0.8466346153846154 0.5388221153846153 0.2810897435897436 0.18293269230769227
