0 0.7663461538461538 0.863301282051282 0.04807692307692302 0.08493589743589747
0 0.8492788461538462 0.6868589743589744 0.08317307692307696 0.1314102564102564
0 0.7364182692307693 0.6501602564102564 0.08389423076923075 0.1298076923076923
0 0.5801682692307693 0.8341346153846154 0.12956730769230773 0.2503205128205128
0 0.5955528846153846 0.6193910256410257 0.11562499999999998 0.1266025641025641
0 0.415625 0.6067307692307692 0.09663461538461537 0.12948717948717947
0 0.49314903846153846 0.47307692307692306 0.0608173076923077 0.08269230769230762
0 0.48004807692307694 0.33605769230769234 0.12211538461538463 0.1144230769230769
0 0.7354567307692308 0.30512820512820515 0.17812499999999998 0.1423076923076923
0 0.6838942307692308 0.21875 0.07500000000000007 0.09967948717948716
0 0.5580528846153846 0.13685897435897434 0.1161057692307692 0.1519230769230769
0 0.34879807692307696 0.18125 0.2326923076923077 0.20737179487179486
0 0.23473557692307692 0.6948717948717948 0.15649038461538461 0.20769230769230773
0 0.8186298076923078 0.49887820512820513 0.06081730769230764 0.06378205128205128
0 0.8961538461538461 0.4637820512820513 0.06874999999999998 0.13269230769230772
