0 0.8374999999999999 0.8788461538461538 0.16410256410256407 0.12115384615384617
0 0.4490384615384615 0.8125 0.11794871794871792 0.09903846153846163
0 0.2875 0.6179086538461538 0.24679487179487178 0.06418269230769236
0 0.16698717948717948 0.4421875 0.11089743589743588 0.07908653846153846
0 0.3171474358974359 0.3483173076923077 0.09775641025641024 0.1216346153846154
0 0.15400641025641026 0.29591346153846154 0.11442307692307692 0.08509615384615388
0 0.49583333333333335 0.3188701923076923 0.08653846153846151 0.05168269230769229
0 0.6211538461538462 0.22572115384615382 0.08910256410256412 0.06346153846153843
0 0.40897435897435896 0.24591346153846153 0.09230769230769231 0.07884615384615384
0 0.4721153846153846 0.18353365384615383 0.07371794871794868 0.047836538461538486
0 0.827724358974359 0.13161057692307693 0.06762820512820522 0.06658653846153846
0 0.6400641025641025 0.05144230769230769 0.10064102564102562 0.08557692307692308
0 0.8434294871794872 0.2939903846153846 0.06506410256410255 0.051442307692307676
0 0.8491987179487179 0.3578125 0.09519230769230769 0.05841346153846155
0 0.6812499999999999 0.4002403846153846 0.21826923076923077 0.16586538461538464
0 0.7108974358974359 0.6372596153846154 0.2384615384615385 0.17836538461538454
