0 0.37175480769230773 0.8618589743589744 0.1824519230769231 0.25384615384615383
0 0.47968750000000004 0.7400641025641026 0.11322115384615389 0.14038461538461544
0 0.3847355769230769 0.634775641025641 0.06947115384615388 0.11891025641025643
0 0.5858173076923077 0.48189102564102565 0.06298076923076923 0.08173076923076927
0 0.6568509615384616 0.3551282051282051 0.06225961538461533 0.10384615384615387
0 0.7397836538461539 0.1860576923076923 0.05216346153846163 0.06762820512820514
0 0.5587740384615385 0.21682692307692308 0.11033653846153846 0.12980769230769232
0 0.3955528846153846 0.14150641025641025 0.07427884615384617 0.07852564102564102
0 0.2824519230769231 0.15544871794871795 0.07403846153846153 0.07884615384615384
0 0.23317307692307693 0.2620192307692308 0.08221153846153847 0.10096153846153846
0 0.3328125 0.4099358974358974 0.044951923076923084 0.0641025641025641
0 0.1498798076923077 0.5873397435897436 0.1170673076923077 0.18685897435897436
0 0.24086538461538465 0.6913461538461538 0.0966346153846154 0.12115384615384617
0 0.17211538461538461 0.8131410256410256 0.10576923076923077 0.1564102564102564
0 0.2893028846153846 0.9309294871794871 0.05312499999999998 0.10224358974358971
0 0.1109375 0.3352564102564103 0.08629807692307694 0.10192307692307695
0 0.1451923076923077 0.10769230769230768 0.11442307692307692 0.1935897435897436
