0 0.6491586538461538 0.9052884615384615 0.07379807692307694 0.09391025641025641
0 0.7393028846153846 0.6057692307692308 0.1161057692307692 0.11282051282051275
0 0.5501201923076923 0.6588141025641026 0.12427884615384616 0.08044871794871788
0 0.4293269230769231 0.6275641025641026 0.05480769230769228 0.07948717948717943
0 0.38822115384615385 0.769551282051282 0.07307692307692304 0.10128205128205126
0 0.24098557692307693 0.5916666666666667 0.11754807692307692 0.2551282051282051
0 0.37259615384615385 0.47948717948717945 0.04807692307692307 0.056410256410256376
0 0.3956730769230769 0.3634615384615385 0.08894230769230771 0.11282051282051281
0 0.5141826923076923 0.32708333333333334 0.12307692307692308 0.08750000000000002
0 0.7286057692307693 0.3766025641025641 0.07211538461538458 0.07756410256410257
0 0.6895432692307693 0.14342948717948717 0.08774038461538458 0.09711538461538463
0 0.4576923076923077 0.1216346153846154 0.06682692307692306 0.11121794871794873
0 0.303125 0.20384615384615384 0.09471153846153846 0.1314102564102564
0 0.1873798076923077 0.1407051282051282 0.04783653846153846 0.06153846153846154
0 0.07572115384615384 0.2516025641025641 0.07884615384615384 0.13589743589743586
0 0.15276442307692306 0.35112179487179485 0.07524038461538461 0.15096153846153842
0 0.11778846153846154 0.5222756410256411 0.07548076923076924 0.08685897435897433
