0 0.8270432692307692 0.7440705128205128 0.08100961538461537 0.19775641025641022
0 0.6963942307692308 0.7278846153846155 0.08028846153846159 0.10256410256410253
0 0.5445913461538461 0.7963141025641025 0.0862980769230769 0.12339743589743579
0 0.4078125 0.7006410256410256 0.05312500000000003 0.06474358974358974
0 0.4859375 0.6224358974358974 0.06899038461538459 0.07307692307692304
0 0.4662259615384615 0.5266025641025641 0.09543269230769225 0.12435897435897436
0 0.32884615384615384 0.43317307692307694 0.07307692307692304 0.10801282051282052
0 0.21646634615384613 0.7552884615384616 0.05745192307692307 0.08685897435897438
0 0.2361778846153846 0.6666666666666666 0.07043269230769228 0.06858974358974357
0 0.19603365384615384 0.48461538461538456 0.09447115384615384 0.11538461538461536
0 0.059375 0.45705128205128204 0.09278846153846154 0.107051282051282
0 0.11322115384615383 0.2548076923076923 0.12403846153846153 0.1717948717948718
0 0.25228365384615387 0.19951923076923078 0.05552884615384615 0.07403846153846153
0 0.3955528846153846 0.22724358974358977 0.10024038461538465 0.13205128205128205
0 0.47776442307692313 0.17564102564102563 0.08485576923076926 0.14935897435897436
0 0.5715144230769231 0.12868589743589742 0.11610576923076932 0.17083333333333334
0 0.630048076923077 0.3278846153846154 0.15625 0.1673076923076923
0 0.7792067307692307 0.5233974358974359 0.17572115384615383 0.21602564102564098
