0 0.7769230769230769 0.7385817307692308 0.11153846153846159 0.1012019230769231
0 0.8121794871794872 0.6260817307692308 0.11217948717948723 0.08052884615384615
0 0.644551282051282 0.6891826923076922 0.08910256410256412 0.05240384615384619
0 0.5211538461538461 0.7271634615384616 0.0903846153846154 0.060576923076923084
0 0.30817307692307694 0.8475961538461538 0.2657051282051282 0.13365384615384612
0 0.2094551282051282 0.7210336538461538 0.1387820512820513 0.078125
0 0.44647435897435894 0.5993990384615384 0.18397435897435893 0.10216346153846156
0 0.6512820512820513 0.5108173076923077 0.07628205128205123 0.06778846153846146
0 0.9017628205128205 0.5163461538461539 0.11378205128205132 0.10144230769230772
0 0.8634615384615385 0.37115384615384617 0.2435897435897436 0.1456730769230769
0 0.5149038461538461 0.40612980769230766 0.1144230769230769 0.08629807692307695
0 0.5725961538461539 0.2865384615384615 0.10801282051282046 0.0875
0 0.3546474358974359 0.27439903846153846 0.09326923076923077 0.054567307692307665
0 0.2328525641025641 0.18365384615384617 0.17724358974358978 0.10576923076923075
0 0.15 0.42944711538461544 0.2557692307692308 0.1757211538461539
0 0.2419871794871795 0.5454326923076923 0.07179487179487182 0.044230769230769296
0 0.09679487179487178 0.6347355769230769 0.15705128205128205 0.07043269230769234
0 0.7751602564102564 0.22728365384615384 0.2483974358974359 0.18918269230769233
