0 0.8469551282051282 0.7991586538461538 0.09070512820512822 0.08293269230769229
0 0.7278846153846155 0.7758413461538461 0.09807692307692306 0.06610576923076916
0 0.5530448717948717 0.7194711538461538 0.07980769230769236 0.11249999999999993
0 0.3961538461538462 0.7033653846153847 0.08269230769230768 0.06394230769230769
0 0.3440705128205128 0.6147836538461537 0.10160256410256407 0.07668269230769231
0 0.44679487179487176 0.5384615384615384 0.11282051282051281 0.10240384615384612
0 0.24198717948717946 0.4894230769230769 0.08717948717948718 0.11153846153846148
0 0.5940705128205128 0.4248798076923077 0.08365384615384608 0.06658653846153845
0 0.6094551282051281 0.35144230769230766 0.05801282051282042 0.05865384615384611
0 0.41698717948717945 0.3456730769230769 0.08653846153846151 0.05865384615384617
0 0.5474358974358975 0.2768028846153846 0.08269230769230773 0.08581730769230766
0 0.24871794871794872 0.2454326923076923 0.14743589743589747 0.08461538461538459
0 0.5036858974358974 0.1484375 0.05673076923076925 0.09158653846153847
0 0.7145833333333333 0.19014423076923076 0.08814102564102566 0.06971153846153846
0 0.8685897435897436 0.6262019230769231 0.06474358974358974 0.10769230769230764
0 0.8144230769230769 0.5192307692307693 0.11282051282051286 0.10913461538461539
0 0.8975961538461539 0.38233173076923077 0.15416666666666667 0.05312499999999998
0 0.07115384615384616 0.35624999999999996 0.13141025641025642 0.07500000000000001
