0 0.9027644230769231 0.8245192307692308 0.19447115384615388 0.14839743589743593
0 0.6486778846153847 0.7698717948717948 0.07283653846153848 0.10769230769230764
0 0.8640625 0.5971153846153846 0.09014423076923073 0.11153846153846159
0 0.7 0.5487179487179488 0.08798076923076925 0.11089743589743584
0 0.5568509615384616 0.5623397435897436 0.11802884615384618 0.17660256410256414
0 0.4375 0.6274038461538461 0.13125000000000003 0.1381410256410256
0 0.43473557692307696 0.8386217948717949 0.09447115384615384 0.13365384615384612
0 0.2705528846153846 0.6959935897435898 0.07524038461538463 0.10737179487179482
0 0.1830528846153846 0.4376602564102564 0.11899038461538461 0.17211538461538461
0 0.48389423076923077 0.43205128205128207 0.07019230769230766 0.0814102564102564
0 0.5525240384615384 0.2793269230769231 0.08100961538461537 0.17660256410256414
0 0.679326923076923 0.19423076923076923 0.12067307692307694 0.09102564102564104
0 0.8137019230769231 0.1671474358974359 0.1298076923076924 0.11955128205128206
0 0.9381009615384616 0.27387820512820515 0.07716346153846154 0.09391025641025644
0 0.7530048076923077 0.4166666666666667 0.14302884615384615 0.12692307692307692
0 0.984375 0.4706730769230769 0.03125 0.2227564102564103
0 0.34375 0.35112179487179485 0.12067307692307694 0.12339743589743585
0 0.39903846153846156 0.10753205128205127 0.17451923076923076 0.10352564102564102
