0 0.3326923076923077 0.061899038461538464 0.033974358974358965 0.03245192307692308
0 0.5834935897435898 0.12403846153846154 0.06826923076923075 0.053846153846153835
0 0.6875 0.16430288461538461 0.04807692307692313 0.02427884615384618
0 0.8291666666666666 0.24963942307692308 0.04166666666666663 0.03822115384615382
0 0.5884615384615385 0.2673076923076923 0.1282051282051282 0.09471153846153846
0 0.4360576923076923 0.27560096153846153 0.06762820512820511 0.05072115384615383
0 0.37884615384615383 0.18641826923076923 0.04294871794871796 0.06370192307692307
0 0.22259615384615383 0.2048076923076923 0.0407051282051282 0.04375000000000001
0 0.20929487179487177 0.35697115384615385 0.06794871794871796 0.11394230769230768
0 0.34134615384615385 0.4104567307692307 0.07115384615384612 0.05649038461538464
0 0.4594551282051282 0.40240384615384617 0.11121794871794866 0.0764423076923077
0 0.6584935897435897 0.36670673076923077 0.07275641025641022 0.054567307692307665
0 0.5714743589743589 0.45264423076923077 0.03076923076923077 0.06346153846153846
0 0.608974358974359 0.5354567307692308 0.043589743589743546 0.03677884615384619
0 0.7487179487179487 0.612139423076923 0.1282051282051282 0.07860576923076923
0 0.49743589743589745 0.6162259615384615 0.09679487179487173 0.09831730769230762
0 0.3439102564102564 0.5336538461538461 0.0608974358974359 0.049038461538461586
0 0.22980769230769232 0.6538461538461539 0.08846153846153848 0.06346153846153846
0 0.2705128205128205 0.7330528846153845 0.08525641025641026 0.05600961538461535
0 0.6613782051282051 0.7705528846153846 0.04134615384615381 0.10408653846153848
