0 0.8670673076923077 0.6823717948717949 0.10240384615384612 0.07628205128205123
0 0.916826923076923 0.5253205128205128 0.05576923076923079 0.0929487179487179
0 0.7676682692307693 0.5663461538461538 0.0435096153846154 0.12307692307692308
0 0.679326923076923 0.6639423076923077 0.09423076923076923 0.12916666666666665
0 0.7030048076923077 0.49775641025641026 0.06274038461538467 0.0782051282051282
0 0.7711538461538462 0.42419871794871794 0.03798076923076921 0.04134615384615381
0 0.6467548076923078 0.3549679487179487 0.0944711538461539 0.11634615384615382
0 0.5920673076923078 0.2642628205128205 0.0461538461538461 0.06891025641025642
0 0.5215144230769231 0.3546474358974359 0.046875 0.06442307692307692
0 0.44795673076923076 0.2955128205128205 0.04831730769230769 0.05576923076923079
0 0.3733173076923077 0.24294871794871795 0.034134615384615374 0.11153846153846153
0 0.3864182692307692 0.46474358974358976 0.046875 0.10576923076923084
0 0.49206730769230766 0.5001602564102564 0.033173076923076916 0.054807692307692335
0 0.3362980769230769 0.6009615384615384 0.05336538461538459 0.06602564102564101
0 0.17391826923076922 0.5719551282051282 0.09447115384615384 0.11442307692307696
0 0.27776442307692306 0.42580128205128204 0.04062500000000002 0.05801282051282053
0 0.21069711538461539 0.37916666666666665 0.04543269230769231 0.051923076923076905
0 0.16466346153846154 0.4613782051282051 0.07836538461538461 0.09967948717948716
0 0.07295673076923077 0.48557692307692313 0.05552884615384616 0.06346153846153851
0 0.06490384615384615 0.5865384615384615 0.04375 0.04166666666666663
0 0.044230769230769226 0.43317307692307694 0.04519230769230769 0.04967948717948717
0 0.13088942307692308 0.3371794871794872 0.08245192307692308 0.08076923076923076
0 0.18557692307692308 0.2689102564102564 0.050961538461538475 0.0596153846153846
