0 0.20432692307692307 0.7685096153846154 0.11698717948717949 0.09615384615384615
0 0.4253205128205128 0.6555288461538462 0.09166666666666667 0.07163461538461535
0 0.6490384615384615 0.5694711538461539 0.1544871794871795 0.12740384615384615
0 0.8267628205128206 0.6572115384615385 0.1298076923076924 0.06586538461538471
0 0.7825320512820513 0.4600961538461538 0.09326923076923077 0.06201923076923077
0 0.759775641025641 0.34158653846153847 0.07211538461538458 0.05865384615384617
0 0.875801282051282 0.3080528846153846 0.08044871794871788 0.057451923076923095
0 0.6336538461538461 0.2681490384615385 0.06987179487179485 0.07860576923076926
0 0.5857371794871795 0.3435096153846154 0.07660256410256405 0.06346153846153846
0 0.5810897435897435 0.4268028846153846 0.06987179487179496 0.06850961538461542
0 0.4459935897435897 0.3861778846153846 0.0913461538461538 0.07043269230769234
0 0.3854166666666667 0.5106971153846154 0.06762820512820511 0.12379807692307687
0 0.24871794871794872 0.475 0.05833333333333335 0.06105769230769237
0 0.13798076923076924 0.5743990384615385 0.09711538461538462 0.06947115384615377
0 0.19423076923076923 0.3731971153846154 0.07500000000000001 0.07139423076923074
0 0.21474358974358976 0.2908653846153846 0.06987179487179487 0.10528846153846155
0 0.39887820512820515 0.3170673076923077 0.07211538461538464 0.05673076923076925
0 0.47612179487179485 0.2325721153846154 0.12467948717948718 0.0608173076923077
0 0.546474358974359 0.21526442307692306 0.058974358974358876 0.05504807692307692
0 0.7094551282051282 0.20096153846153847 0.13301282051282048 0.06634615384615386
0 0.7092948717948717 0.06622596153846154 0.07692307692307698 0.05504807692307692
0 0.37772435897435896 0.1641826923076923 0.12724358974358974 0.11057692307692307
0 0.2503205128205128 0.13798076923076924 0.11282051282051284 0.0596153846153846
0 0.36586538461538465 0.09002403846153846 0.07083333333333336 0.04591346153846154
