0 0.8708333333333333 0.6848557692307693 0.13525641025641022 0.09134615384615385
0 0.809775641025641 0.5288461538461539 0.1464743589743589 0.07307692307692304
0 0.8046474358974358 0.44843750000000004 0.09455128205128205 0.06802884615384613
0 0.6086538461538462 0.45108173076923075 0.09294871794871795 0.08533653846153849
0 0.5118589743589743 0.4947115384615385 0.15064102564102566 0.10480769230769238
0 0.3559294871794872 0.4372596153846154 0.128525641025641 0.0740384615384615
0 0.6339743589743589 0.3412259615384615 0.11474358974358978 0.06658653846153845
0 0.5198717948717948 0.3490384615384615 0.0987179487179487 0.060576923076923084
0 0.6717948717948719 0.2932692307692307 0.05128205128205121 0.04326923076923078
0 0.6770833333333333 0.08641826923076923 0.03301282051282051 0.023317307692307693
0 0.6155448717948718 0.11622596153846154 0.07019230769230766 0.0704326923076923
0 0.4754807692307692 0.043870192307692304 0.13878205128205123 0.06850961538461539
0 0.3629807692307693 0.15685096153846154 0.07788461538461539 0.06610576923076922
0 0.16506410256410256 0.15240384615384617 0.11025641025641025 0.08509615384615385
0 0.2825320512820513 0.08786057692307692 0.4259615384615385 0.12716346153846153
0 0.4044871794871795 0.24086538461538462 0.1974358974358974 0.07451923076923078
0 0.1875 0.2715144230769231 0.2237179487179487 0.10745192307692308
0 0.8033653846153845 0.2953125 0.043910256410256365 0.031009615384615385
0 0.8775641025641026 0.2794471153846154 0.04294871794871802 0.02812500000000001
0 0.6774038461538461 0.22091346153846153 0.1676282051282051 0.08365384615384616
0 0.7950320512820512 0.18906250000000002 0.04711538461538456 0.041105769230769224
0 0.824198717948718 0.13701923076923075 0.08173076923076927 0.045192307692307684
0 0.7177884615384615 0.1762019230769231 0.06506410256410255 0.0625
0 0.8552884615384615 0.3691105769230769 0.18878205128205128 0.11706730769230766
0 0.9871794871794872 0.36875 0.02564102564102566 0.03461538461538466
