0 0.49070512820512824 0.7621394230769231 0.06282051282051287 0.05072115384615383
0 0.5078525641025641 0.6723557692307692 0.06442307692307692 0.03750000000000009
0 0.5366987179487179 0.6120192307692308 0.050320512820512864 0.034134615384615374
0 0.6104166666666666 0.5421875 0.08493589743589747 0.09350961538461539
0 0.7198717948717949 0.5534855769230769 0.049358974358974406 0.02716346153846161
0 0.8443910256410256 0.48449519230769234 0.05801282051282053 0.04206730769230771
0 0.6915064102564104 0.4427884615384615 0.029807692307692313 0.022115384615384592
0 0.6197115384615384 0.4646634615384615 0.029166666666666674 0.022115384615384592
0 0.5272435897435896 0.4590144230769231 0.03269230769230769 0.02572115384615381
0 0.5663461538461538 0.3731971153846154 0.11025641025641031 0.0838942307692308
0 0.6868589743589744 0.32800480769230766 0.03205128205128205 0.03533653846153845
0 0.6286858974358974 0.3116586538461539 0.0625 0.05456730769230772
0 0.7628205128205128 0.2421875 0.06858974358974368 0.05360576923076921
0 0.586698717948718 0.20697115384615383 0.0855769230769231 0.09326923076923074
0 0.6701923076923078 0.14639423076923075 0.0346153846153846 0.02644230769230768
0 0.4969551282051282 0.08197115384615385 0.1298076923076923 0.08942307692307691
0 0.31298076923076923 0.15132211538461537 0.3490384615384615 0.2064903846153846
0 0.20032051282051283 0.28173076923076923 0.08141025641025643 0.08028846153846156
0 0.35721153846153847 0.3943509615384615 0.1317307692307692 0.06899038461538459
0 0.20528846153846153 0.4326923076923077 0.1451923076923077 0.08028846153846153
0 0.4032051282051282 0.5042067307692307 0.07051282051282048 0.05264423076923069
0 0.48157051282051283 0.5015625 0.08108974358974363 0.060817307692307754
0 0.2794871794871795 0.5830528846153846 0.06794871794871796 0.039182692307692335
0 0.4198717948717949 0.6040865384615385 0.05384615384615388 0.05144230769230762
0 0.3554487179487179 0.6316105769230769 0.0782051282051282 0.05793269230769227
0 0.3483974358974359 0.2875 0.06217948717948718 0.051923076923076905
