0 0.8772435897435897 0.6783653846153845 0.0756410256410256 0.0591346153846154
0 0.7733974358974358 0.5956730769230769 0.04038461538461535 0.016346153846153788
0 0.6592948717948719 0.6543269230769231 0.0903846153846154 0.06778846153846163
0 0.5395833333333333 0.5620192307692308 0.03557692307692306 0.02115384615384608
0 0.3078525641025641 0.5609375000000001 0.060576923076923084 0.04254807692307694
0 0.25400641025641024 0.5475961538461538 0.05224358974358975 0.039423076923076894
0 0.11538461538461539 0.5804086538461538 0.053846153846153835 0.04014423076923079
0 0.37612179487179487 0.46478365384615383 0.044551282051282004 0.03725961538461536
0 0.30480769230769234 0.44146634615384617 0.05833333333333329 0.04206730769230771
0 0.5442307692307693 0.4393028846153846 0.039102564102564075 0.03245192307692307
0 0.44711538461538464 0.3969951923076923 0.033974358974358965 0.02139423076923075
0 0.5261217948717949 0.3296875 0.03237179487179487 0.020432692307692346
0 0.40897435897435896 0.3061298076923077 0.038461538461538436 0.05216346153846152
0 0.3403846153846154 0.3435096153846154 0.10961538461538461 0.07163461538461535
0 0.258974358974359 0.3221153846153846 0.033333333333333354 0.019711538461538447
0 0.6887820512820513 0.40240384615384617 0.06346153846153846 0.03605769230769229
0 0.7350961538461539 0.36033653846153846 0.06185897435897436 0.029326923076923084
0 0.6708333333333334 0.35805288461538465 0.03205128205128205 0.024759615384615408
0 0.8040064102564103 0.2828125 0.055448717948717974 0.044951923076923084
0 0.8596153846153847 0.41538461538461535 0.0378205128205128 0.020673076923076905
0 0.9240384615384616 0.49903846153846154 0.044230769230769185 0.03125
0 0.8201923076923077 0.49050480769230764 0.023076923076923106 0.0478365384615384
0 0.5581730769230769 0.2157451923076923 0.06185897435897436 0.05216346153846155
0 0.532051282051282 0.15588942307692308 0.03782051282051291 0.03389423076923076
0 0.39150641025641025 0.16935096153846155 0.02596153846153848 0.0641826923076923
0 0.3798076923076923 0.12439903846153846 0.05064102564102563 0.03533653846153846
0 0.19054487179487178 0.20276442307692305 0.03878205128205128 0.03918269230769231
0 0.0810897435897436 0.25721153846153844 0.06602564102564101 0.024038461538461536
