0 0.14022435897435898 0.06574519230769231 0.1439102564102564 0.1310096153846154
0 0.3262820512820513 0.11682692307692308 0.1333333333333333 0.1341346153846154
0 0.20048076923076924 0.25132211538461535 0.10929487179487177 0.13052884615384613
0 0.4701923076923077 0.15468749999999998 0.08461538461538459 0.07139423076923077
0 0.37243589743589745 0.2831730769230769 0.20448717948717948 0.19471153846153844
0 0.5482371794871795 0.31598557692307694 0.06121794871794872 0.04639423076923077
0 0.5870192307692308 0.2465144230769231 0.1528846153846154 0.05600961538461541
0 0.19487179487179487 0.45252403846153844 0.1423076923076923 0.08966346153846155
0 0.7285256410256411 0.3033653846153846 0.08782051282051284 0.12163461538461537
0 0.8668269230769231 0.19290865384615385 0.0657051282051282 0.058413461538461525
0 0.6947115384615385 0.15997596153846153 0.1580128205128205 0.06274038461538461
0 0.5801282051282051 0.09050480769230769 0.08589743589743593 0.07235576923076922
0 0.41522435897435894 0.018389423076923078 0.0830128205128205 0.036298076923076926
0 0.6626602564102564 0.04002403846153846 0.15032051282051284 0.07956730769230769
0 0.7485576923076923 0.02391826923076923 0.08108974358974352 0.04735576923076923
0 0.9083333333333334 0.28185096153846156 0.09679487179487178 0.07091346153846151
0 0.8471153846153847 0.384375 0.09743589743589742 0.060096153846153855
0 0.9229166666666666 0.46033653846153844 0.10096153846153844 0.04903846153846153
0 0.8772435897435897 0.5622596153846153 0.18846153846153846 0.12259615384615385
0 0.7206730769230769 0.4734375 0.1266025641025641 0.06610576923076927
0 0.6056089743589743 0.46706730769230764 0.10608974358974355 0.07836538461538461
0 0.7043269230769231 0.585576923076923 0.06762820512820522 0.0475961538461539
0 0.7048076923076922 0.7441105769230769 0.15000000000000002 0.12427884615384621
0 0.46490384615384617 0.825 0.1727564102564103 0.08221153846153839
0 0.4759615384615385 0.7055288461538461 0.0903846153846154 0.05624999999999991
0 0.37067307692307694 0.6911057692307692 0.11057692307692307 0.08124999999999993
0 0.39887820512820515 0.5816105769230769 0.06762820512820517 0.1257211538461538
0 0.2655448717948718 0.5332932692307693 0.08750000000000002 0.07043269230769234
0 0.4258012820512821 0.47307692307692306 0.08493589743589741 0.05048076923076922
