0 0.6040064102564102 0.8397836538461538 0.10544871794871791 0.171875
0 0.4703525641025641 0.8751201923076923 0.0830128205128205 0.04591346153846154
0 0.3326923076923077 0.8377403846153846 0.0641025641025641 0.08798076923076925
0 0.42660256410256414 0.7498798076923077 0.10705128205128206 0.038701923076923106
0 0.5491987179487179 0.744951923076923 0.03493589743589742 0.03221153846153846
0 0.483173076923077 0.6889423076923077 0.06891025641025644 0.054326923076922995
0 0.3370192307692308 0.6742788461538461 0.11057692307692307 0.08269230769230762
0 0.28221153846153846 0.5068509615384615 0.10160256410256407 0.20360576923076917
0 0.46955128205128205 0.5074519230769231 0.04807692307692307 0.0288461538461538
0 0.5983974358974359 0.528125 0.05641025641025643 0.04182692307692315
0 0.6778846153846154 0.585576923076923 0.05833333333333335 0.04038461538461535
0 0.5572115384615384 0.6271634615384616 0.10224358974358971 0.07692307692307698
0 0.7331730769230769 0.7313701923076923 0.11570512820512813 0.12668269230769225
0 0.6423076923076922 0.4605769230769231 0.04807692307692302 0.041826923076923095
0 0.49391025641025643 0.4132211538461539 0.0929487179487179 0.04471153846153847
0 0.682852564102564 0.3950721153846154 0.09455128205128205 0.031490384615384615
0 0.6770833333333333 0.3263221153846154 0.07403846153846161 0.07427884615384611
0 0.520673076923077 0.31658653846153845 0.049679487179487114 0.03701923076923075
0 0.3753205128205128 0.3825721153846154 0.060256410256410264 0.0502403846153846
0 0.3628205128205128 0.31153846153846154 0.05769230769230771 0.04807692307692307
0 0.3110576923076923 0.3117788461538461 0.05865384615384617 0.047596153846153844
0 0.554326923076923 0.25829326923076923 0.044551282051282004 0.03870192307692308
0 0.48221153846153847 0.22079326923076922 0.0855769230769231 0.06947115384615382
0 0.38493589743589746 0.2298076923076923 0.09615384615384615 0.08509615384615382
0 0.3522435897435897 0.13701923076923078 0.03782051282051285 0.03653846153846155
0 0.4546474358974359 0.13798076923076924 0.05673076923076925 0.04711538461538463
0 0.41698717948717945 0.06670673076923077 0.05448717948717946 0.07331730769230768
0 0.5783653846153847 0.06538461538461539 0.04519230769230764 0.031730769230769236
0 0.586698717948718 0.1875 0.07147435897435894 0.07355769230769232
0 0.6482371794871795 0.23173076923076924 0.050320512820512864 0.04519230769230767
