0 0.24759615384615385 0.1623798076923077 0.10865384615384613 0.11899038461538461
0 0.3875 0.22932692307692307 0.09615384615384615 0.11490384615384613
0 0.4886217948717949 0.13762019230769232 0.06891025641025644 0.051682692307692304
0 0.6775641025641026 0.10757211538461539 0.07051282051282048 0.062259615384615385
0 0.7774038461538462 0.16430288461538461 0.08750000000000002 0.10889423076923077
0 0.6915064102564102 0.1953125 0.1233974358974359 0.09158653846153847
0 0.6068910256410256 0.23629807692307692 0.07019230769230778 0.06153846153846154
0 0.5001602564102564 0.27860576923076924 0.07467948717948714 0.055288461538461564
0 0.6858974358974359 0.30877403846153845 0.13269230769230766 0.04062500000000002
0 0.5759615384615384 0.37115384615384617 0.12756410256410255 0.0625
0 0.8261217948717949 0.35865384615384616 0.06762820512820522 0.05144230769230773
0 0.8378205128205127 0.44026442307692304 0.08333333333333337 0.05360576923076926
0 0.6794871794871795 0.4366586538461539 0.05128205128205132 0.09975961538461536
0 0.7620192307692308 0.5199519230769231 0.08108974358974363 0.04086538461538458
0 0.8051282051282052 0.5975961538461538 0.08461538461538465 0.04134615384615392
0 0.6342948717948718 0.5793269230769231 0.11474358974358978 0.06634615384615394
0 0.7439102564102564 0.6772836538461539 0.14743589743589747 0.11418269230769229
0 0.5939102564102564 0.6725961538461538 0.05576923076923079 0.04086538461538469
0 0.5570512820512821 0.8058894230769231 0.10384615384615381 0.11466346153846152
0 0.33830128205128207 0.8415865384615384 0.14583333333333331 0.050480769230769273
0 0.3762820512820513 0.7438701923076922 0.07499999999999996 0.04014423076923068
0 0.2931089743589744 0.7188701923076923 0.08750000000000002 0.06129807692307687
0 0.3891025641025641 0.5425480769230769 0.07371794871794868 0.04038461538461546
0 0.33766025641025643 0.6326923076923077 0.07403846153846155 0.10961538461538467
0 0.24455128205128207 0.5740384615384615 0.07115384615384615 0.05817307692307694
0 0.2032051282051282 0.4969951923076923 0.11666666666666667 0.08245192307692312
0 0.2514423076923077 0.3302884615384616 0.11185897435897438 0.11298076923076922
0 0.3891025641025641 0.37512019230769234 0.13269230769230766 0.17860576923076926
0 0.5272435897435898 0.4248798076923077 0.050000000000000044 0.0329326923076923
0 0.5397435897435898 0.5600961538461539 0.07948717948717954 0.05865384615384617
