0 0.48525641025641025 0.853125 0.08397435897435901 0.08894230769230771
0 0.534775641025641 0.7185096153846153 0.05673076923076925 0.04519230769230764
0 0.5684294871794872 0.6570913461538461 0.05160256410256414 0.0305288461538461
0 0.4126602564102564 0.617548076923077 0.04262820512820514 0.02692307692307694
0 0.3548076923076923 0.6415865384615385 0.05769230769230771 0.044711538461538414
0 0.27179487179487183 0.7262019230769231 0.10576923076923078 0.022596153846153877
0 0.08605769230769231 0.6653846153846154 0.0451923076923077 0.043749999999999956
0 0.11955128205128204 0.5813701923076924 0.06217948717948717 0.033894230769230815
0 0.3887820512820513 0.5725961538461539 0.05769230769230771 0.04230769230769227
0 0.4233974358974359 0.4746394230769231 0.09807692307692306 0.03725961538461542
0 0.23733974358974358 0.4859375 0.05416666666666667 0.0444711538461538
0 0.12419871794871795 0.4247596153846154 0.041987179487179505 0.04086538461538458
0 0.3237179487179487 0.346875 0.1044871794871795 0.06201923076923077
0 0.1858974358974359 0.29819711538461535 0.07051282051282051 0.05024038461538466
0 0.5168269230769231 0.39074519230769234 0.03749999999999998 0.042067307692307654
0 0.5349358974358975 0.4717548076923077 0.02564102564102566 0.02812500000000001
0 0.5974358974358974 0.5009615384615385 0.05128205128205132 0.0692307692307692
0 0.6616987179487179 0.41838942307692306 0.06442307692307692 0.05168269230769229
0 0.7134615384615385 0.5865384615384615 0.05833333333333335 0.0706730769230769
0 0.8540064102564102 0.5954326923076922 0.0887820512820513 0.08509615384615377
0 0.7679487179487179 0.5414663461538461 0.10512820512820509 0.11274038461538466
0 0.8724358974358974 0.45997596153846154 0.11089743589743595 0.05312499999999998
0 0.7653846153846153 0.3293269230769231 0.09999999999999998 0.07163461538461535
0 0.7666666666666666 0.33389423076923075 0.18974358974358985 0.11346153846153845
0 0.625801282051282 0.30685096153846153 0.04326923076923084 0.08870192307692304
0 0.7185897435897436 0.23305288461538465 0.09551282051282062 0.05168269230769232
0 0.5203525641025641 0.23161057692307693 0.1323717948717949 0.031490384615384615
0 0.5407051282051283 0.11862980769230769 0.08782051282051284 0.04735576923076923
0 0.39743589743589747 0.11730769230769231 0.052564102564102544 0.04375000000000001
0 0.5107371794871794 0.30745192307692304 0.06057692307692303 0.05336538461538459
0 0.953525641025641 0.390625 0.04102564102564099 0.02692307692307694
0 0.2584935897435897 0.18617788461538462 0.05288461538461536 0.07620192307692308
